{'loss': [0.7918729782104492, 0.3123481273651123, 0.22218170762062073, 0.17529550194740295, 0.14656440913677216, 0.12855327129364014, 0.12021009624004364, 0.10721511393785477, 0.09765743464231491, 0.09369462728500366, 0.1107916384935379, 0.07921624183654785, 0.07210328429937363, 0.06656097620725632, 0.0606670044362545, 0.05299990624189377, 0.04842163994908333, 0.051061660051345825, 0.04241811856627464, 0.044291894882917404], 'accuracy': [0.453125, 0.6495535969734192, 0.8035714030265808, 0.8660714030265808, 0.875, 0.9129464030265808, 0.9196428656578064, 0.9263392686843872, 0.9419642686843872, 0.9486607313156128, 0.9196428656578064, 0.9620535969734192, 0.953125, 0.9776785969734192, 0.9821428656578064, 0.9866071343421936, 0.9821428656578064, 0.9888392686843872, 0.9955357313156128, 0.9776785969734192], 
'val_loss': [0.4005858302116394, 0.26123368740081787, 0.1972474902868271, 0.18945428729057312, 0.17319604754447937, 0.16324643790721893, 0.15916384756565094, 0.14436066150665283, 0.14464618265628815, 0.15779484808444977, 0.1660059094429016, 0.14109279215335846, 0.16604654490947723, 0.14121772348880768, 0.13046473264694214, 0.1584511399269104, 0.16153572499752045, 0.1447952687740326, 0.13972383737564087, 0.14991676807403564],
 'val_accuracy': [0.5725806355476379, 0.7096773982048035, 0.8387096524238586, 0.7903226017951965, 0.8387096524238586, 0.8629032373428345, 0.8629032373428345, 0.8629032373428345, 0.9032257795333862, 0.8790322542190552, 0.8709677457809448, 0.8790322542190552, 0.8870967626571655, 0.8951612710952759, 0.8870967626571655, 0.8790322542190552, 0.8790322542190552, 0.8951612710952759, 0.8951612710952759, 0.8870967626571655]}
